MLI  1976/01/01 01:29:39.6 -28.61 -177.64  59.0 6.2 0.0 KERMADEC ISLANDS REGION 
M010176A         B:  0    0   0 S:  0    0   0 M: 12   30 135 CMT: 1 BOXHD:  9.4
CENTROID:     13.8 0.2 -29.25 0.02 -176.96 0.01  47.8  0.6 FREE O-00000000000000
26  7.680 0.090  0.090 0.060 -7.770 0.070  1.390 0.160  4.520 0.160 -3.260 0.060
V10   8.940 75 283   1.260  2  19 -10.190 15 110   9.560 202 30   93  18 60   88
MLI  1976/01/05 02:31:36.3 -13.29  -74.90  95.0 6.0 0.0 PERU                    
C010576A         B:  6   14  45 S:  0    0   0 M:  5    8 135 CMT: 1 BOXHD:  1.6
CENTROID:      8.4 0.4 -13.42 0.07  -75.14 0.06  85.4  3.2 FREE O-00000000000000
24 -1.780 0.210 -0.590 0.280  2.370 0.280 -1.280 0.150  1.970 0.150 -2.900 0.220
V10   4.970 19 238  -2.350 14 143  -2.620 66  20   3.790 350 28  -60 137 66 -105
MLI  1976/01/06 21:08:19.3  51.60  159.33  33.0 5.7 6.0 OFF EAST COAST OF KAMCHA
C010676A         B:  9   27  45 S:  0    0   0 M:  9   19 135 CMT: 1 BOXHD:  2.8
CENTROID:      5.8 0.2  51.45 0.02  159.50 0.03  15.0  0.0 FIX  O-00000000000000
25  1.100 0.020 -0.300 0.020 -0.800 0.020  1.050 0.070  1.240 0.080 -0.560 0.020
V10   1.950 62 315   0.050  4 218  -2.000 27 126   1.980 206 18   78  39 73   94
MLI  1976/01/09 23:54:35.6 -15.76  167.87 168.0 6.1 0.0 VANUATU ISLANDS         
C010976A         B: 10   28  45 S:  0    0   0 M: 13   26 135 CMT: 1 BOXHD:  3.5
CENTROID:      4.5 0.2 -15.97 0.02  167.81 0.02 173.7  0.8 FREE O-00000000000000
25 -1.700 0.040  2.290 0.050 -0.590 0.050 -2.330 0.040 -1.230 0.030  2.010 0.050
V10   4.450 23 153  -1.620  1  62  -2.830 67 329   3.640 246 22  -86  62 68  -91
MLI  1976/01/13 13:29:19.5  66.16  -16.58  33.0 6.0 6.4 ICELAND REGION          
C011376A         B:  9   25  45 S:  0    0   0 M: 13   33 135 CMT: 1 BOXHD:  3.4
CENTROID:      5.4 0.2  66.33 0.02  -16.29 0.04  15.0  0.0 FIX  O-00000000000000
25 -0.510 0.040 -2.860 0.040  3.370 0.040  0.050 0.160 -0.780 0.200 -0.860 0.040
V10   3.630 11  82  -0.650 79 255  -2.980  1 352   3.300 127 82  173 218 83    9
MLI  1976/01/14 15:56:34.9 -29.21 -177.89  69.0 6.3 0.0 KERMADEC ISLANDS        
M011476A         B:  0    0   0 S:  0    0   0 M: 12   30 135 CMT: 1 BOXHD: 20.0
CENTROID:     32.6 0.6 -29.69 0.07 -177.04 0.05  46.7  1.5 FREE O-00000000000000
27  4.780 0.130 -0.490 0.090 -4.300 0.110  0.830 0.200  3.620 0.280 -1.320 0.090
V10   6.070 71 280  -0.090  2  16  -5.980 19 106   6.020 200 26   95  15 64   88
MLI  1976/01/14 16:47:33.5 -28.43 -177.66  33.0 6.5 8.0 KERMADEC ISLANDS REGION 
M011476B         B:  0    0   0 S:  0    0   0 M: 12   29 135 CMT: 1 BOXHD: 20.5
CENTROID:     11.3 0.5 -28.72 0.06 -176.75 0.05  17.7  2.5 FREE O-00000000000000
27  2.560 0.120  0.180 0.080 -2.740 0.080  3.580 0.860  6.770 1.390 -1.230 0.070
V10   7.900 55 302   0.560  3 207  -8.460 35 115   8.180 189 11   71  28 80   93
MLI  1976/01/14 22:43:43.1 -28.66 -176.85  31.0 5.5 6.3 KERMADEC ISLANDS REGION 
B011476C         B:  8   19  45 S:  0    0   0 M:  0    0   0 CMT: 1 BOXHD:  3.7
CENTROID:      7.6 0.9 -28.61 0.13 -176.62 0.09  15.0  0.0 FIX  O-00000000000000
25  2.340 0.260  0.240 0.400 -2.580 0.310  0.620 0.560  3.710 0.610 -0.680 0.340
V10   4.340 62 277   0.390  2  10  -4.730 28 101   4.540 197 17   97  10 73   88
MLI  1976/01/15 06:06:46.1 -30.38 -176.82  33.0 5.3 6.2 KERMADEC ISLANDS REGION 
B011576A         B: 10   28  45 S:  0    0   0 M:  0    0   0 CMT: 1 BOXHD:  2.8
CENTROID:      5.8 0.4 -30.25 0.06 -176.63 0.04  15.0  0.0 FIX  O-00000000000000
25  1.440 0.050  0.060 0.060 -1.500 0.060  0.300 0.160  1.180 0.200 -0.460 0.060
V10   1.860 71 283   0.180  1  15  -2.050 19 105   1.960 196 26   91  15 64   89
MLI  1976/01/15 16:12:22.3 -30.15 -177.24  33.0 5.1 6.1 KERMADEC ISLANDS        
B011576B         B:  9   24  45 S:  0    0   0 M:  0    0   0 CMT: 1 BOXHD:  2.0
CENTROID:      4.2 0.4 -30.25 0.05 -176.99 0.04  15.0  0.0 FIX  O-00000000000000
24  3.070 0.130  0.380 0.140 -3.450 0.150  2.750 0.330  8.610 0.450 -0.680 0.160
V10   9.410 55 291   0.430  3 197  -9.850 35 105   9.630 180 10   73  17 80   93
MLI  1976/01/21 10:05:24.1  44.92  149.12  41.0 6.3 7.0 KURIL ISLANDS           
M012176A         B:  0    0   0 S:  0    0   0 M: 11   23 135 CMT: 1 BOXHD:  9.3
CENTROID:      9.5 0.2  44.58 0.02  149.49 0.03  26.5  0.9 FREE O-00000000000000
26  3.210 0.050 -1.490 0.040 -1.720 0.030  2.870 0.250  5.330 0.330 -1.840 0.030
V10   6.890 59 291   0.050  7  32  -6.940 31 126   6.910 237 16  116  30 76   83
MLI  1976/01/23 05:45:30.5  -7.48  119.90 614.0 6.4 0.0 FLORES SEA              
C012376A         B:  7   18  45 S:  0    0   0 M: 13   29 135 CMT: 1 BOXHD:  5.7
CENTROID:      8.0 0.2  -7.37 0.02  120.07 0.02 623.1  1.5 FREE O-00000000000000
26 -1.560 0.020  1.060 0.020  0.500 0.020 -0.410 0.020 -0.130 0.020  0.640 0.020
V10   1.540  8 147   0.090  4 238  -1.630 82 354   1.580 233 38  -96  61 53  -85
MLI  1976/01/24 21:48:25.9 -28.64 -177.59  78.0 6.2 0.0 KERMADEC ISLANDS REGION 
C012476A         B: 10   27  45 S:  0    0   0 M: 11   21 135 CMT: 1 BOXHD:  3.1
CENTROID:      1.2 0.2 -28.79 0.02 -177.17 0.01  60.2  0.8 FREE O-00000000000000
25  2.350 0.040  0.000 0.030 -2.340 0.030  0.220 0.050  0.700 0.050 -0.740 0.030
V10   2.450 82 289   0.210  0 196  -2.660  8 106   2.560 196 37   89  17 53   90
MLI  1976/01/26 19:01:38.6 -29.34 -176.46  30.0 6.0 0.0 KERMADEC ISLANDS REGION 
B012676A         B: 12   32  45 S:  0    0   0 M:  0    0   0 CMT: 1 BOXHD:  3.0
CENTROID:     10.8 0.9 -28.27 0.11 -177.18 0.09  62.0  8.9 FREE O-00000000000000
24  0.390 0.120 -0.140 0.170 -0.250 0.170  0.280 0.190  1.110 0.410 -0.420 0.190
V10   1.230 53 268   0.080 15  18  -1.310 33 118   1.270 253 18  146  16 80   75
MLI  1976/02/03 23:57:54.9  54.50  161.89  33.0 6.0 5.2 NEAR EAST COAST OF KAMCH
C020376A         B: 11   32  45 S:  0    0   0 M: 12   16 135 CMT: 1 BOXHD:  2.0
CENTROID:      8.8 0.2  54.25 0.02  162.16 0.04  48.0  1.4 FREE O-00000000000000
24  4.200 0.110 -3.110 0.130 -1.090 0.120  1.750 0.160  4.710 0.180 -2.410 0.100
V10   6.960 60 274  -0.500 18  38  -6.470 23 136   6.720 257 27  133  31 70   71
MLI  1976/02/04 09:01:43.4  15.32  -89.10   5.0 6.2 7.5 GUATEMALA               
M020476A         B:  0    0   0 S:  0    0   0 M: 15   34 135 CMT: 1 BOXHD: 13.8
CENTROID:     23.8 0.3  15.14 0.02  -89.78 0.02  16.3  1.3 FREE O-00000000000000
27 -0.350 0.020 -0.780 0.020  1.120 0.020  0.380 0.180 -0.470 0.180  1.670 0.030
V10   2.120  5 119  -0.170 70  15  -1.950 20 211   2.040 254 73  -10 347 80 -162
MLI  1976/02/06 16:53:50.5  -5.98  146.31  37.0 6.0 5.6 EAST PAPUA NEW GUINEA RE
B020676A         B: 10   25  45 S:  0    0   0 M:  0    0   0 CMT: 1 BOXHD:  2.3
CENTROID:      8.3 0.3  -6.04 0.05  146.10 0.04  29.5  2.0 FREE O-00000000000000
24  1.290 0.170 -0.050 0.240 -1.240 0.200  9.230 0.610 -7.120 0.490  1.450 0.190
V10  11.500 49  33   0.610  5 128 -12.110 41 222  11.810 357  6  140 128 86   85
MLI  1976/02/14 03:10:37.3 -57.41  -64.42  40.0 6.0 5.7 DRAKE PASSAGE           
C021476A         B: 11   25  45 S:  0    0   0 M: 10   16 135 CMT: 1 BOXHD:  2.0
CENTROID:     -2.2 0.2 -57.22 0.03  -64.94 0.05  16.9  1.3 FREE O-00000000000000
24  5.970 0.180 -0.170 0.180 -5.800 0.150  1.700 0.500 -1.480 0.490  3.560 0.160
V10   6.440 77  13   1.400 10 152  -7.830  9 243   7.130 345 37  107 145 54   78
MLI  1976/02/15 01:54:23.1  13.00  125.79  33.0 6.1 6.1 PHILIPPINE ISLANDS REGIO
C021576A         B:  8   20  45 S:  0    0   0 M: 12   25 135 CMT: 1 BOXHD:  4.2
CENTROID:      7.2 0.2  13.12 0.02  126.02 0.02  15.6  0.8 FREE O-00000000000000
25 -5.140 0.080  3.270 0.070  1.860 0.060 -1.560 0.280  0.510 0.220 -4.690 0.060
V10   7.490  7 220  -2.060 11 129  -5.440 77 342   6.470 322 39  -73 121 53 -104
MLI  1976/02/15 21:23:22.6 -28.39 -176.79  54.0 5.5 6.2 KERMADEC ISLANDS REGION 
C021576B         B: 11   30  45 S:  0    0   0 M: 12   16 135 CMT: 1 BOXHD:  2.5
CENTROID:      0.8 0.3 -28.52 0.04 -176.47 0.03  15.0  1.3 FREE O-00000000000000
25  0.770 0.020  0.000 0.020 -0.760 0.020  0.370 0.060  1.170 0.140 -0.330 0.020
V10   1.420 62 285   0.120  2  18  -1.540 28 109   1.480 204 17   96  18 73   88
MLI  1976/02/22 05:11:07.9  -3.36  145.24  22.0 5.1 6.0 NEAR N COAST OF PAPUA NE
C022276A         B: 11   28  45 S:  0    0   0 M:  8   13 135 CMT: 1 BOXHD:  1.3
CENTROID:      2.3 0.3  -3.44 0.04  145.61 0.03  25.3  3.7 FREE O-00000000000000
24  0.140 0.050  0.070 0.080 -0.210 0.070  0.040 0.120 -0.060 0.120  2.100 0.060
V10   2.030  0 137   0.140 88  31  -2.170  2 227   2.100 272 88   -1   2 89 -178
MLI  1976/02/23 15:14:16.0  51.47 -130.44  16.0 5.6 6.0 QUEEN CHARLOTTE ISLANDS 
C022376A         B: 10   22  45 S:  0    0   0 M: 13   18 135 CMT: 1 BOXHD:  2.4
CENTROID:      5.3 0.2  51.63 0.02 -130.93 0.03  22.5  2.1 FREE O-00000000000000
25 -0.170 0.020 -0.160 0.030  0.330 0.020  0.180 0.060 -0.160 0.050  1.080 0.020
V10   1.190  1 129  -0.110 75  37  -1.080 15 219   1.140 263 79  -10 355 80 -169
MLI  1976/02/28 16:27:09.0 -40.00  -74.73   9.0 6.0 5.5 OFF COAST OF CENTRAL CHI
C022876A         B: 10   25  45 S:  0    0   0 M: 13   21 135 CMT: 1 BOXHD:  2.2
CENTROID:      4.9 0.2 -40.30 0.03  -75.57 0.02  15.0  0.0 FIX  O-00000000000000
25 -0.800 0.010 -0.230 0.020  1.030 0.010 -0.030 0.050  0.010 0.060  0.230 0.010
V10   1.070  0 280  -0.270  3 190  -0.800 87  13   0.940  13 45  -85 187 45  -95
MLI  1976/03/03 22:50:10.0  -8.23  121.44  30.0 6.0 5.0 FLORES ISLAND REGION    
C030376A         B: 10   27  45 S:  0    0   0 M:  7    9 135 CMT: 1 BOXHD:  1.6
CENTROID:      7.1 0.3  -8.47 0.03  121.69 0.03  38.7  2.1 FREE O-00000000000000
24  3.240 0.110 -3.620 0.130  0.380 0.140 -1.230 0.250 -0.180 0.200 -1.360 0.110
V10   3.450 80 187   0.780  4  74  -4.240  9 343   3.840  68 36   83 257 54   95
MLI  1976/03/04 02:50:00.5 -14.74  167.10  90.0 6.4 0.0 VANUATU ISLANDS         
C030476A         B: 11   31  45 S:  0    0   0 M: 15   37 135 CMT: 1 BOXHD:  6.9
CENTROID:      8.4 0.1 -14.91 0.01  166.95 0.01 103.0  0.8 FREE O-00000000000000
26  0.970 0.020  0.660 0.020 -1.630 0.020 -1.750 0.020 -0.030 0.020  1.620 0.020
V10   2.880 41 160  -0.210 46 312  -2.670 14  57   2.770 190 50  158 294 73   42
MLI  1976/03/08 04:39:55.9 -10.73  165.02  47.0 6.1 5.9 SANTA CRUZ ISLANDS      
C030876A         B: 14   39  45 S:  0    0   0 M: 15   27 135 CMT: 1 BOXHD:  2.6
CENTROID:      1.6 0.1 -10.87 0.01  164.93 0.01  29.7  0.7 FREE O-00000000000000
25  1.400 0.020 -1.470 0.020  0.070 0.020  0.310 0.050 -0.350 0.050  0.510 0.010
V10   1.490 77  73   0.170 11 289  -1.670  7 198   1.580 276 39   73 117 53  103
MLI  1976/03/13 05:22:44.0  -6.26  154.72  50.0 5.5 6.1 SOLOMON ISLANDS         
C031376A         B: 13   36  45 S:  0    0   0 M: 14   23 135 CMT: 1 BOXHD:  2.9
CENTROID:      7.5 0.1  -6.49 0.01  154.55 0.01  47.7  0.8 FREE O-00000000000000
25  1.910 0.030 -1.070 0.020 -0.840 0.030  0.530 0.050  0.000 0.040  1.320 0.030
V10   2.030 77 335   0.290 12 131  -2.310  5 222   2.170 325 41  109 121 51   74
MLI  1976/03/24 04:46:04.4 -29.89 -177.87  33.0 6.4 6.8 KERMADEC ISLANDS        
C032476A         B: 10   26  45 S:  0    0   0 M: 15   37 135 CMT: 1 BOXHD:  8.1
CENTROID:     12.0 0.1 -29.99 0.02 -177.51 0.01  54.1  0.5 FREE O-00000000000000
26  3.670 0.040  0.120 0.030 -3.780 0.030  0.070 0.060  1.780 0.050 -1.410 0.030
V10   4.090 76 254   0.510  7  15  -4.600 12 107   4.340 206 34  103  11 57   81
MLI  1976/03/29 05:39:35.5   3.93  -85.88  33.0 5.9 6.5 OFF COAST OF CENTRAL AME
C032976A         B: 13   34  45 S:  0    0   0 M: 17   42 135 CMT: 1 BOXHD:  4.9
CENTROID:      4.9 0.2   3.87 0.01  -85.80 0.01  17.5  1.2 FREE O-00000000000000
25 -1.580 0.090  7.130 0.090 -5.550 0.090 -2.110 0.380 -0.150 0.300  7.460 0.090
V10  10.900  9 156  -1.820 79 302  -9.080  6  65   9.990 200 79  178 290 88   11
MLI  1976/04/06 13:49:10.8  -3.87  152.09  21.0 5.8 6.4 NEW IRELAND REGION      
C040676A         B: 13   31  45 S:  0    0   0 M: 15   32 135 CMT: 1 BOXHD:  3.7
CENTROID:      9.8 0.2  -3.72 0.01  152.17 0.02  15.0  0.0 FIX  O-00000000000000
25  0.110 0.050  4.010 0.040 -4.120 0.050 -0.120 0.200 -0.780 0.220  0.930 0.040
V10   4.120  3 173   0.230 80  66  -4.350 10 264   4.240 308 81   -5  39 85 -171
MLI  1976/04/08 02:40:27.0  40.31   63.77  33.0 6.5 7.0 UZBEK SSR               
C040876A         B: 12   35  45 S:  0    0   0 M: 17   42 135 CMT: 1 BOXHD:  5.1
CENTROID:      6.4 0.1  40.41 0.01   63.65 0.02  15.0  0.0 FIX  O-00000000000000
26  1.160 0.010 -1.050 0.010 -0.110 0.010  0.060 0.040  0.300 0.040  0.120 0.010
V10   1.230 77 279  -0.160 13  97  -1.070  1 187   1.150 290 46  108  84 47   72
MLI  1976/04/08 02:59:05.5  40.17   63.81  33.0 6.2 0.0 UZBEK SSR               
C040876B         B:  4    6  45 S:  0    0   0 M: 15   21 135 CMT: 1 BOXHD:  2.8
CENTROID:      2.8 1.4  41.48 0.14   63.54 0.15  42.9  5.9 FREE O-00000000000000
25  1.390 0.160 -1.230 0.140 -0.150 0.100 -0.610 0.320 -1.120 0.280 -0.150 0.100
V10   2.040 62 108  -0.520 20 241  -1.520 19 338   1.780  96 31  130 232 66   69
MLI  1976/04/09 07:08:47.0   0.78  -79.80   9.0 6.1 6.7 NEAR COAST OF ECUADOR   
C040976A         B: 12   33  45 S:  0    0   0 M: 16   36 135 CMT: 1 BOXHD:  5.1
CENTROID:     11.3 0.2   0.79 0.01  -79.89 0.01  19.4  0.6 FREE O-00000000000000
25  5.880 0.070  0.190 0.050 -6.070 0.070  3.750 0.250 -8.540 0.420 -1.480 0.040
V10  11.730 57  53  -1.190 16 169 -10.540 28 267  11.130  32 22  136 164 75   74
MLI  1976/04/10 04:24:59.4  -6.43  154.83  54.0 6.0 0.0 SOLOMON ISLANDS         
C041076A         B:  8   20  45 S:  0    0   0 M:  2    3 135 CMT: 1 BOXHD:  1.1
CENTROID:      4.9 0.5  -6.50 0.07  154.63 0.07  40.6  6.2 FREE O-00000000000000
24 -0.660 0.070 -0.450 0.150  1.100 0.100  0.540 0.120 -0.220 0.160 -0.500 0.060
V10   1.320 11  71  -0.210 40 332  -1.110 48 173   1.220 199 49  -32 311 67 -134
MLI  1976/04/14 15:26:16.8 -51.90  139.47  33.0 5.4 6.2 SOUTH OF AUSTRALIA      
C041476A         B: 13   34  45 S:  0    0   0 M: 14   25 135 CMT: 1 BOXHD:  2.6
CENTROID:      2.1 0.2 -52.10 0.02  139.46 0.03  15.0  0.0 FIX  O-00000000000000
25 -0.120 0.020  0.050 0.020  0.070 0.020  0.020 0.060  0.000 0.060 -1.400 0.020
V10   1.470  1  45  -0.120 89 261  -1.340  0 135   1.400 180 89    0  90 90  179
MLI  1976/04/22 17:03:07.9  28.71   52.13  24.0 6.0 5.5 SOUTHERN IRAN           
C042276A         B: 11   25  45 S:  0    0   0 M:  7    9 135 CMT: 1 BOXHD:  1.6
CENTROID:      2.7 0.4  28.49 0.05   52.08 0.03  15.0  0.0 FIX  O-00000000000000
24  3.770 0.100 -1.830 0.140 -1.940 0.100 -0.630 0.410  0.060 0.410  1.550 0.100
V10   3.850 83 170  -0.380  6 315  -3.470  4  45   3.660 141 41   98 310 49   83
MLI  1976/04/29 06:32:49.0 -28.20 -176.88  62.0 5.3 6.1 KERMADEC ISLANDS REGION 
C042976A         B: 10   28  45 S:  0    0   0 M: 13   26 135 CMT: 1 BOXHD:  2.9
CENTROID:      2.4 0.2 -28.06 0.03 -176.35 0.02  15.0  0.0 FIX  O-00000000000000
25  1.490 0.030  0.190 0.030 -1.680 0.020  0.480 0.110  1.260 0.130 -0.360 0.030
V10   1.990 69 302   0.240  6 195  -2.220 20 103   2.110 182 26   75  18 65   97
MLI  1976/05/04 13:56:29.9 -44.64  167.57  19.0 6.0 6.6 SOUTH ISLAND, NEW ZEALAN
C050476A         B:  9   25  45 S:  0    0   0 M: 14   29 135 CMT: 1 BOXHD:  4.2
CENTROID:      6.3 0.2 -44.75 0.02  167.63 0.02  15.0  0.0 FIX  O-00000000000000
25  3.030 0.060 -0.120 0.070 -2.910 0.040 -0.950 0.250 -6.940 0.240 -2.400 0.040
V10   7.640 56  83   0.630 13 192  -8.270 31 290   7.960  57 18  136 189 77   77
MLI  1976/05/05 04:52:51.0 -29.93 -177.84  35.0 6.2 6.8 KERMADEC ISLANDS        
C050576A         B: 10   26  45 S:  0    0   0 M: 14   35 135 CMT: 1 BOXHD:  7.9
CENTROID:     11.6 0.2 -29.84 0.02 -177.43 0.01  41.8  0.6 FREE O-00000000000000
26  3.630 0.050  0.040 0.030 -3.660 0.040  0.150 0.080  1.800 0.080 -1.750 0.030
V10   4.060 75 254   0.660  8  19  -4.720 12 111   4.390 211 34  105  13 57   80
MLI  1976/05/06 20:00:11.6  46.36   13.27   9.0 6.0 6.5 AUSTRIA                 
C050676A         B: 10   24  45 S:  0    0   0 M: 13   26 135 CMT: 1 BOXHD:  4.2
CENTROID:     10.3 0.3  46.33 0.03   13.17 0.02  15.0  0.0 FIX  O-00000000000000
25  3.360 0.050 -3.400 0.050  0.040 0.030  5.060 0.200  1.740 0.170  0.040 0.030
V10   6.450 60 332  -0.240  9  77  -6.210 29 172   6.330 284 18  119  74 74   81
MLI  1976/05/11 11:29:06.2 -51.51  139.68  33.0 5.6 6.1 SOUTH OF AUSTRALIA      
C051176A         B: 12   29  45 S:  0    0   0 M: 15   26 135 CMT: 1 BOXHD:  2.2
CENTROID:      2.4 0.2 -51.73 0.02  139.71 0.03  15.0  0.0 FIX  O-00000000000000
24 -0.520 0.120  0.670 0.130 -0.150 0.120  2.020 0.410  2.740 0.370 -8.220 0.110
V10   8.510  3 224   0.760 69 322  -9.270 21 133   8.890 271 73 -167 177 77  -17
MLI  1976/05/11 15:50:41.6 -51.60  139.68  33.0 5.8 6.6 SOUTH OF AUSTRALIA      
B051176B         B: 12   27  45 S:  0    0   0 M:  0    0   0 CMT: 1 BOXHD:  3.5
CENTROID:     -4.0 0.4 -51.67 0.04  140.13 0.05  15.0  0.0 FIX  O-00000000000000
25 -0.060 0.070  0.470 0.090 -0.400 0.080 -1.120 0.170  0.840 0.140 -3.950 0.100
V10   4.440 17 222  -0.490 73  49  -3.950  2 312   4.190 358 76   11 266 79  166
MLI  1976/05/11 16:59:48.2  37.56   20.35  33.0 5.8 6.4 IONIAN SEA              
C051176C         B: 11   30  45 S:  0    0   0 M: 15   27 135 CMT: 1 BOXHD:  3.9
CENTROID:      5.3 0.4  36.99 0.04   20.13 0.03  15.1  1.5 FREE O-00000000000000
25  2.550 0.080 -0.710 0.080 -1.840 0.060  3.270 0.480 -3.480 0.530  0.950 0.050
V10   5.510 58  42  -0.270  5 140  -5.240 31 233   5.370 339 14  110 139 77   85
MLI  1976/05/15 21:55:58.5 -11.64  -74.48  33.0 6.0 6.6 PERU                    
C051576A         B: 13   32  45 S:  0    0   0 M: 15   37 135 CMT: 1 BOXHD:  5.7
CENTROID:      6.5 0.1 -11.72 0.01  -74.26 0.02  25.5  0.8 FREE O-00000000000000
26  0.780 0.010 -0.050 0.010 -0.730 0.010 -0.310 0.030  1.410 0.060  0.270 0.010
V10   1.640 59 262   0.030  3 166  -1.670 31  74   1.650 153 15   77 347 76   93
MLI  1976/05/17 02:58:40.6  40.38   63.47  10.0 6.3 7.0 UZBEK SSR               
C051776A         B: 12   35  45 S:  0    0   0 M: 17   41 135 CMT: 1 BOXHD:  5.5
CENTROID:      8.3 0.1  40.42 0.01   63.46 0.02  15.0  0.0 FIX  O-00000000000000
26  1.440 0.010 -0.770 0.010 -0.670 0.010  0.390 0.060  0.230 0.060 -0.500 0.010
V10   1.510 80 335  -0.220  3 229  -1.290  9 139   1.400 225 36   85  51 54   93
MLI  1976/05/18 06:04:47.0 -59.95  154.08  33.0 5.3 6.2 WEST OF MACQUARIE ISLAND
C051876A         B: 14   36  45 S:  0    0   0 M: 14   27 135 CMT: 1 BOXHD:  3.7
CENTROID:      8.2 0.1 -60.73 0.01  153.75 0.02  25.8  1.0 FREE O-00000000000000
25 -0.190 0.030  3.060 0.040 -2.870 0.040  0.910 0.120  0.440 0.100 -3.040 0.030
V10   4.440  8  22  -0.140 76 255  -4.290 11 114   4.370 158 76   -2 248 88 -166
MLI  1976/05/29 12:23:18.7  24.57   98.95   8.0 6.1 6.9 BURMA-CHINA BORDER REGIO
C052976A         B: 12   31  45 S:  0    0   0 M: 15   34 135 CMT: 1 BOXHD:  5.3
CENTROID:     11.2 0.2  24.39 0.02   98.65 0.03  15.0  0.0 FIX  O-00000000000000
26 -0.010 0.020 -1.150 0.020  1.150 0.020  0.280 0.080 -0.010 0.090  0.310 0.020
V10   1.200  1 278   0.050 77  13  -1.250 13 187   1.220 323 80 -172 232 82  -10
MLI  1976/05/29 14:00:18.5  24.53   98.71  10.0 6.0 7.0 BURMA-CHINA BORDER REGIO
B052976B         B: 10   22  45 S:  0    0   0 M:  0    0   0 CMT: 1 BOXHD:  5.4
CENTROID:     14.7 0.2  24.29 0.03   98.58 0.03  15.0  0.0 FIX  O-00000000000000
25  0.220 0.310 -9.450 0.290  9.230 0.350  0.160 0.810 -0.320 1.070  6.180 0.380
V10  11.090  1 107   0.220 88 328 -11.310  1 197  11.200 242 88    0 152 90  178
MLI  1976/05/30 03:08:54.2 -41.64  -75.41  28.0 6.0 5.9 OFF COAST OF SOUTHERN CH
C053076A         B: 10   24  45 S:  0    0   0 M: 14   23 135 CMT: 1 BOXHD:  2.7
CENTROID:      1.2 0.2 -42.06 0.02  -75.94 0.02  15.0  0.0 FIX  O-00000000000000
25 -1.660 0.020  0.080 0.020  1.590 0.020 -0.240 0.090 -0.030 0.100  0.430 0.020
V10   1.700  2 105   0.000  8 195  -1.700 82   4   1.700 187 44 -101  23 47  -79
MLI  1976/05/31 05:08:28.5  24.34   98.64  14.0 5.5 6.2 BURMA-CHINA BORDER REGIO
C053176A         B: 13   32  45 S:  0    0   0 M: 14   30 135 CMT: 1 BOXHD:  2.7
CENTROID:      6.9 0.2  24.26 0.02   98.60 0.02  15.0  0.0 FIX  O-00000000000000
25 -0.190 0.020 -0.850 0.020  1.050 0.020  0.530 0.090 -0.090 0.100  1.200 0.020
V10   1.640  5 297  -0.020 69  40  -1.620 20 205   1.630 342 72 -169 249 80  -18
MLI  1976/06/03 16:44:38.8  -5.20  153.44  88.0 6.2 0.0 NEW IRELAND REGION      
C060376A         B: 14   35  45 S:  0    0   0 M: 17   43 135 CMT: 1 BOXHD:  8.7
CENTROID:     14.3 0.1  -4.75 0.01  153.47 0.01  85.9  0.6 FREE O-00000000000000
26  5.110 0.060 -1.330 0.050 -3.780 0.050 -1.270 0.050  2.650 0.050  2.710 0.040
V10   5.880 75 252   0.390  3 149  -6.270 14  58   6.080 143 31   83 331 59   94
MLI  1976/06/05 08:20:07.2 -10.09  161.01  61.0 6.2 0.0 SOLOMON ISLANDS         
C060576A         B: 13   33  45 S:  0    0   0 M: 13   27 135 CMT: 1 BOXHD:  3.3
CENTROID:      3.7 0.1 -10.15 0.01  160.93 0.01  47.4  0.6 FREE O-00000000000000
25  2.910 0.030 -1.540 0.030 -1.380 0.030 -0.810 0.060 -0.430 0.050  1.540 0.030
V10   3.170 74 143  -0.160 16 312  -3.010  3  43   3.090 148 44  113 298 50   69
MLI  1976/06/07 07:36:55.4  14.09  124.83  33.0 6.1 6.4 LUZON, PHILIPPINE ISLAND
C060776A         B: 10   26  45 S:  0    0   0 M: 14   34 135 CMT: 1 BOXHD:  4.8
CENTROID:      4.9 0.2  14.23 0.01  125.07 0.01  24.4  1.3 FREE O-00000000000000
25 -0.930 0.090  5.570 0.090 -4.630 0.090 -1.810 0.250  2.820 0.300 -5.740 0.080
V10   8.960 16 206  -1.210 67 339  -7.740 16 111   8.350 249 67  180 339 90   23
MLI  1976/06/07 14:26:39.1  17.40 -100.64  45.0 6.1 6.4 GUERRERO, MEXICO        
C060776B         B: 13   37  45 S:  0    0   0 M: 16   34 135 CMT: 1 BOXHD:  3.9
CENTROID:      4.1 0.2  17.22 0.02 -100.91 0.02  29.0  0.9 FREE O-00000000000000
25  3.200 0.050 -2.730 0.040 -0.470 0.040  3.880 0.190 -1.970 0.140  1.130 0.030
V10   5.410 63  29  -0.010  2 295  -5.400 27 204   5.400 289 18   83 116 72   92
MLI  1976/06/15 06:09:01.8   0.54  134.79  33.0 6.0 6.3 WEST IRIAN REGION       
C061576A         B: 12   35  45 S:  0    0   0 M: 18   39 135 CMT: 1 BOXHD:  4.1
CENTROID:      5.3 0.1   0.54 0.01  134.84 0.01  20.2  0.8 FREE O-00000000000000
25 -1.470 0.050 -0.050 0.050  1.510 0.050 -0.050 0.170  0.280 0.160  5.860 0.060
V10   6.650  1 311  -1.460 86 200  -5.190  3  41   5.920  86 87   -1 176 89 -177
MLI  1976/06/17 14:28:49.2  46.16   12.86  24.0 6.1 0.0 NORTHERN ITALY          
B061776A         B: 12   20  45 S:  0    0   0 M:  0    0   0 CMT: 1 BOXHD:  3.3
CENTROID:      9.1 3.8  46.05 0.31   12.50 0.35  45.5 14.9 FREE O-00000000000000
23  4.490 0.980 -8.670 1.680  4.190 1.070 -0.660 1.450  1.110 1.250  0.440 1.250
V10   5.450 49 269   3.270 41  95  -8.720  3   2   7.090  58 55   37 305 60  139
MLI  1976/06/19 15:00:46.7 -18.02   65.41  33.0 5.6 6.1 MASCARENE ISLANDS REGION
C061976A         B: 14   36  45 S:  0    0   0 M: 15   37 135 CMT: 1 BOXHD:  3.8
CENTROID:      8.7 0.1 -17.58 0.01   65.59 0.01  16.2  1.5 FREE O-00000000000000
25 -0.180 0.040 -3.920 0.040  4.100 0.040  0.020 0.120  0.390 0.140  2.190 0.040
V10   4.690  4 284  -0.210 85 117  -4.480  1  14   4.590  59 86    2 329 88  176
MLI  1976/06/20 20:53:13.4   3.40   96.32  33.0 6.3 7.0 NORTHERN SUMATERA       
C062076A         B: 13   33  45 S:  0    0   0 M: 18   41 135 CMT: 1 BOXHD:  7.5
CENTROID:     10.1 0.2   3.18 0.02   96.24 0.02  19.1  0.8 FREE O-00000000000000
26  2.430 0.040 -0.020 0.030 -2.410 0.030  1.120 0.130 -1.680 0.150  1.840 0.030
V10   3.070 72  46   0.960  4 150  -4.030 17 241   3.550 338 28   99 147 62   85
MLI  1976/06/25 19:18:56.9  -4.60  140.09  33.0 6.1 7.1 WEST IRIAN              
C062576A         B: 11   25  45 S:  0    0   0 M: 16   37 135 CMT: 1 BOXHD:  9.1
CENTROID:     15.9 0.1  -4.66 0.01  140.29 0.01  15.0  0.0 FIX  O-00000000000000
26  2.400 0.040  1.480 0.030 -3.880 0.040  3.490 0.190  1.220 0.180  4.190 0.030
V10   6.810 40 334  -0.580 50 144  -6.230  5 240   6.520   9 59  153 113 67   34
MLI  1976/06/26 10:30:59.4   3.66  126.75  33.0 5.8 6.5 TALAUD ISLANDS          
C062676A         B: 13   35  45 S:  0    0   0 M: 17   40 135 CMT: 1 BOXHD:  4.3
CENTROID:      6.2 0.2   3.77 0.02  127.06 0.01  18.0  0.8 FREE O-00000000000000
25  4.800 0.080  0.340 0.060 -5.140 0.070  1.350 0.240  4.100 0.330 -0.090 0.050
V10   6.520 68 301   0.130  9 188  -6.650 20  95   6.590 169 26   69  12 66  100
MLI  1976/06/29 18:30:09.1 -33.82 -177.83  48.0 6.1 5.9 SOUTH OF KERMADEC ISLAND
C062976A         B: 14   33  45 S:  0    0   0 M: 16   30 135 CMT: 1 BOXHD:  3.0
CENTROID:      3.8 0.2 -33.63 0.02 -177.63 0.02  55.2  0.8 FREE O-00000000000000
25  2.050 0.030 -0.410 0.030 -1.640 0.030 -0.550 0.040 -0.430 0.040 -1.300 0.030
V10   2.180 79 166   0.380  7  34  -2.550  8 303   2.360  24 37   78 220 54   99
MLI  1976/07/11 16:54:31.8   7.34  -78.47  22.0 6.3 6.7 PANAMA                  
C071176A         B: 12   35  45 S:  0    0   0 M: 15   29 135 CMT: 1 BOXHD:  5.8
CENTROID:      7.7 0.2   7.19 0.02  -78.29 0.02  15.0  0.0 FIX  O-00000000000000
26  0.440 0.020  0.550 0.020 -0.990 0.020  0.130 0.050 -0.660 0.050 -1.300 0.020
V10   1.490 24  34   0.360 62 182  -1.850 13 298   1.670  74 63  171 167 82   27
MLI  1976/07/11 20:41:47.5   7.41  -78.13   3.0 6.2 7.0 PANAMA                  
C071176B         B: 11   23  45 S:  0    0   0 M: 16   41 135 CMT: 1 BOXHD: 10.7
CENTROID:     17.0 0.1   7.32 0.01  -78.11 0.01  15.0  0.0 FIX  O-00000000000000
26  2.910 0.070  0.890 0.060 -3.800 0.080  2.380 0.310 -2.720 0.360 -8.310 0.060
V10   9.180 30  38   0.950 60 210 -10.130  3 306   9.660  78 67  161 176 72   24
MLI  1976/07/14 07:13:24.0  -8.17  114.89  40.0 6.2 6.5 BALI ISLAND REGION      
C071476A         B: 11   30  45 S:  0    0   0 M: 15   31 135 CMT: 1 BOXHD:  4.2
CENTROID:      6.3 0.2  -8.14 0.01  114.89 0.02  28.4  0.9 FREE O-00000000000000
25  5.430 0.090 -5.380 0.070 -0.060 0.070 -3.400 0.270  0.680 0.240  0.760 0.050
V10   6.450 74 194   0.040  2  99  -6.490 16   8   6.470  96 29   87 280 61   92
MLI  1976/07/17 21:06:32.1  -4.16  152.76  53.0 6.0 6.6 NEW BRITAIN REGION      
C071776A         B: 11   28  45 S:  0    0   0 M: 15   30 135 CMT: 1 BOXHD:  4.7
CENTROID:      4.7 0.1  -4.27 0.02  152.71 0.01  36.5  0.7 FREE O-00000000000000
25  4.760 0.080 -3.410 0.080 -1.350 0.060  4.070 0.200  2.780 0.180  5.960 0.070
V10   9.050 48 315  -0.470 41 122  -8.580  7 218   8.810 343 52  146  96 63   43
MLI  1976/07/21 15:10:45.6  24.78   98.70   9.0 5.8 6.3 BURMA-CHINA BORDER REGIO
C072176A         B: 10   28  45 S:  0    0   0 M: 14   29 135 CMT: 1 BOXHD:  2.9
CENTROID:      6.6 0.2  24.74 0.02   98.57 0.02  15.0  0.0 FIX  O-00000000000000
25  0.000 0.030 -1.380 0.030  1.380 0.030  0.100 0.130 -0.020 0.140  1.420 0.030
V10   1.980  1 293   0.010 87  33  -1.980  3 203   1.980 338 88 -178 248 88   -2
MLI  1976/07/26 01:41:25.4 -21.91 -113.33  33.0 5.2 6.2 EASTER ISLAND CORDILLERA
B072676A         B:  9   16  45 S:  0    0   0 M:  0    0   0 CMT: 1 BOXHD:  1.3
CENTROID:      3.3 0.5 -21.76 0.07 -113.44 0.09  15.0  0.0 FIX  O-00000000000000
24  0.390 0.100  0.040 0.070 -0.430 0.120 -0.060 0.220 -0.740 0.300  1.910 0.100
V10   1.920 20 136   0.310 67 348  -2.220 11 230   2.070 274 67    6 182 84  157
MLI  1976/07/26 02:56:39.3   4.96  118.31  33.0 5.8 6.2 KALIMANTAN              
C072676B         B:  9   20  45 S:  0    0   0 M: 14   27 135 CMT: 1 BOXHD:  3.4
CENTROID:      7.6 0.2   5.08 0.02  118.55 0.02  15.0  0.0 FIX  O-00000000000000
25 -0.500 0.050  2.970 0.040 -2.470 0.050  0.360 0.180 -1.000 0.200 -1.360 0.050
V10   3.380  9  15  -0.280 69 128  -3.110 19 281   3.240  59 70 -172 327 83  -20
MLI  1976/07/27 19:42:54.6  39.57  117.98  23.0 6.3 7.9 NORTHEASTERN CHINA      
M072776A         B:  0    0   0 S:  0    0   0 M: 15   35 135 CMT: 1 BOXHD: 12.9
CENTROID:     16.5 0.3  39.52 0.01  118.03 0.04  15.0  0.0 FIX  O-00000000000000
27 -0.740 0.030  2.070 0.020 -1.340 0.030 -1.160 0.220  1.770 0.220  0.320 0.020
V10   2.520 22 186   0.510 40 297  -3.030 41  75   2.770 229 43 -163 126 79  -49
MLI  1976/07/28 10:45:35.2  39.66  118.40  26.0 6.3 7.4 NORTHEASTERN CHINA      
C072876A         B:  8   12  45 S:  0    0   0 M: 13   31 135 CMT: 1 BOXHD:  7.6
CENTROID:     10.7 0.2  39.75 0.01  118.78 0.04  15.0  0.0 FIX  O-00000000000000
26 -2.640 0.060  4.390 0.040 -1.750 0.060  0.330 0.290 -0.210 0.320  0.420 0.050
V10   4.430  3 356  -1.720 14  87  -2.720 76 256   3.580  72 44 -110 279 49  -71
MLI  1976/07/28 17:15:01.7 -20.20  170.00   5.0 5.6 6.0 VANUATU ISLANDS         
C072876B         B: 10   27  45 S:  0    0   0 M: 11   24 135 CMT: 1 BOXHD:  3.5
CENTROID:      8.5 0.3 -19.95 0.04  169.58 0.04  15.0  0.0 FIX  O-00000000000000
25 -2.030 0.070 -0.750 0.100  2.780 0.080  2.150 0.230 -1.320 0.300 -0.880 0.060
V10   3.620 20  69   0.060 28 328  -3.680 55 189   3.650 196 36  -36 317 70 -120
MLI  1976/07/28 18:24:28.3  39.29   72.79  50.0 5.1 6.1 KIRGHIZ SSR             
B072876C         B:  5    6  45 S:  0    0   0 M:  0    0   0 CMT: 1 BOXHD:  1.9
CENTROID:      5.8 3.5  39.27 0.17   71.67 0.47  34.2 14.6 FREE O-00000000000000
24 -5.580 0.810  9.320 1.720 -3.740 1.060 -4.250 2.240 -2.950 1.350 -0.960 0.760
V10  10.450 15 181  -1.790 31  82  -8.660 55 293   9.550 306 41  -38  66 67 -124
MLI  1976/07/28 20:17:42.3  43.17   45.60  21.0 5.4 6.1 EASTERN CAUCASUS        
C072876D         B: 11   25  45 S:  0    0   0 M: 12   17 135 CMT: 1 BOXHD:  3.1
CENTROID:     10.9 0.4  43.15 0.04   45.45 0.05  15.0  0.0 FIX  O-00000000000000
25  1.320 0.040 -1.140 0.040 -0.180 0.030 -2.170 0.120  0.620 0.130  0.310 0.040
V10   2.630 60 196  -0.080  0 286  -2.550 30  16   2.590 107 15   91 286 75   90
MLI  1976/07/31 00:46:58.0 -30.32 -177.96  20.0 5.8 6.2 KERMADEC ISLANDS        
C073176A         B: 12   32  45 S:  0    0   0 M: 14   31 135 CMT: 1 BOXHD:  4.0
CENTROID:      8.9 0.2 -30.26 0.02 -177.56 0.01  50.7  0.7 FREE O-00000000000000
25  4.720 0.080  0.220 0.070 -4.930 0.060  0.580 0.120  2.710 0.100 -1.430 0.050
V10   5.430 75 279   0.580  1  14  -6.020 14 104   5.730 196 31   93  13 59   89
MLI  1976/08/02 10:55:25.7 -20.61  169.27  52.0 6.1 6.9 VANUATU ISLANDS         
C080276A         B: 10   25  45 S:  0    0   0 M: 15   37 135 CMT: 1 BOXHD:  6.5
CENTROID:      8.8 0.2 -20.71 0.02  169.11 0.01  42.6  0.7 FREE O-00000000000000
26  2.220 0.030 -0.190 0.030 -2.030 0.020  0.160 0.060 -0.510 0.050  0.920 0.020
V10   2.280 83  79   0.190  1 338  -2.480  7 248   2.380 336 38   88 159 52   92
MLI  1976/08/12 23:26:46.2  26.68   97.07  27.0 6.4 6.1 BURMA                   
C081276A         B:  9   19  45 S:  0    0   0 M:  7   12 135 CMT: 1 BOXHD:  2.2
CENTROID:      5.6 0.4  26.55 0.04   97.12 0.04  15.0  0.0 FIX  O-00000000000000
24  7.840 0.210 -2.440 0.220 -5.400 0.210 -0.310 0.770 -0.090 1.000  3.950 0.220
V10   7.850 88 154   0.280  2 325  -8.140  0  55   7.990 148 45   93 323 45   87
MLI  1976/08/16 14:06:45.9  32.75  104.16  16.0 6.1 6.9 SICHUAN PROVINCE, CHINA 
C081676A         B:  9   20  45 S:  0    0   0 M: 12   21 135 CMT: 1 BOXHD:  5.4
CENTROID:      9.1 0.2  32.63 0.03  104.42 0.02  15.0  0.0 FIX  O-00000000000000
26  1.030 0.020  0.310 0.020 -1.350 0.020  0.350 0.060 -0.130 0.080 -0.230 0.020
V10   1.190 67  12   0.190 23 186  -1.380  2 277   1.290  29 48  122 166 51   60
MLI  1976/08/16 16:11:07.3   6.26  124.02  33.0 6.4 7.9 MINDANAO, PHILIPPINE ISL
M081676B         B:  0    0   0 S:  0    0   0 M: 16   37 200 CMT: 1 BOXHD: 21.7
CENTROID:     51.4 0.3   7.07 0.03  123.75 0.02  33.0  0.0 FIX  O-00000000000000
27  9.330 0.090  0.240 0.080 -9.570 0.090  1.450 0.800 -3.340 0.690  4.330 0.080
V10   9.960 80  62   1.870  1 159 -11.830 10 249  10.900 341 35   92 158 55   89
MLI  1976/08/17 01:11:10.2  10.06  125.87  34.0 6.0 5.7 LEYTE, PHILIPPINE ISLAND
B081776A         B: 10   17  45 S:  0    0   0 M:  0    0   0 CMT: 1 BOXHD:  2.6
CENTROID:      6.3 0.6  10.08 0.05  126.10 0.09  47.3  5.5 FREE O-00000000000000
25 -1.250 0.090  0.390 0.140  0.860 0.200 -0.500 0.150  0.070 0.150 -0.570 0.110
V10   1.290  8 234   0.100 15 142  -1.390 73 352   1.340 340 39  -67 131 55 -108
MLI  1976/08/17 04:19:27.3   7.25  122.94  22.0 6.2 6.8 MINDANAO, PHILIPPINE ISL
C081776B         B: 10   16  45 S:  0    0   0 M: 14   28 135 CMT: 1 BOXHD:  8.7
CENTROID:     12.5 0.2   7.14 0.02  123.01 0.02  15.0  0.0 FIX  O-00000000000000
26 -1.220 0.070  5.310 0.060 -4.100 0.060 -1.920 0.330  1.330 0.250  2.110 0.050
V10   6.130 13 170  -0.830 63 286  -5.300 24  74   5.710 214 64 -172 120 83  -26
MLI  1976/08/21 06:56:47.2  -6.72  129.57 120.0 6.0 0.0 BANDA SEA               
C082176A         B: 11   28  45 S:  0    0   0 M: 12   26 135 CMT: 1 BOXHD:  3.6
CENTROID:     10.3 0.2  -6.90 0.02  129.74 0.02 185.5  1.2 FREE O-00000000000000
25 -0.580 0.050 -2.660 0.050  3.230 0.050  1.810 0.050  2.060 0.040  0.220 0.060
V10   4.260 26 279  -0.450 46  39  -3.820 33 171   4.040 318 46 -174 223 85  -44
MLI  1976/08/21 21:49:54.2  32.57  104.25  33.0 6.1 6.4 SICHUAN PROVINCE, CHINA 
C082176B         B: 12   30  45 S:  0    0   0 M: 14   28 135 CMT: 1 BOXHD:  3.3
CENTROID:      3.6 0.2  32.37 0.02  104.29 0.02  15.3  0.8 FREE O-00000000000000
25  2.870 0.040  0.110 0.030 -2.980 0.040 -0.780 0.150  0.800 0.170 -0.180 0.030
V10   3.180 74 208  -0.100 15   0  -3.090  7  91   3.140 198 40  113 349 54   72
MLI  1976/08/23 03:30:07.6  32.49  104.18  33.0 6.2 6.7 SICHUAN PROVINCE, CHINA 
C082376A         B: 12   28  45 S:  0    0   0 M: 12   24 135 CMT: 1 BOXHD:  3.8
CENTROID:      3.9 0.3  32.11 0.04  104.21 0.03  19.6  1.4 FREE O-00000000000000
25  3.890 0.140  1.230 0.120 -5.120 0.110  0.620 0.320  0.210 0.360 -0.480 0.100
V10   4.030 78 357   1.130 12 185  -5.160  2  94   4.600 172 45   72  16 48  107
MLI  1976/09/15 03:15:19.9  46.30   13.20  10.0 5.7 6.0 AUSTRIA                 
C091576A         B: 11   28  45 S:  0    0   0 M: 12   21 135 CMT: 1 BOXHD:  2.3
CENTROID:      6.4 0.3  46.19 0.03   13.23 0.04  15.0  0.0 FIX  O-00000000000000
24  7.960 0.200 -6.510 0.220 -1.450 0.140  6.970 0.710  4.400 0.660 -2.910 0.190
V10  11.510 67 323  -0.200  4  61 -11.310 23 153  11.410 251 22  100  60 68   86
MLI  1976/09/22 00:16:08.2  44.88  149.23  64.0 6.1 0.0 KURIL ISLANDS           
C092276A         B: 11   31  45 S:  0    0   0 M: 12   17 135 CMT: 1 BOXHD:  2.3
CENTROID:      4.3 0.2  44.80 0.02  149.38 0.02  46.7  1.4 FREE O-00000000000000
24  4.440 0.140 -2.040 0.130 -2.400 0.120  9.010 0.300  1.140 0.190 -4.050 0.120
V10  10.930 53  11  -0.550 20 251 -10.370 29 149  10.650 196 24   32  76 77  111
MLI  1976/09/29 21:02:32.7   6.92  124.07  41.0 6.0 5.4 MINDANAO, PHILIPPINE ISL
C092976A         B: 10   21  45 S:  0    0   0 M: 14   19 135 CMT: 1 BOXHD:  1.8
CENTROID:     -1.2 0.2   6.61 0.03  124.24 0.03  15.0  0.0 FIX  O-00000000000000
24 -4.620 0.090  2.220 0.110  2.400 0.100 -0.530 0.460 -1.810 0.370  1.870 0.090
V10   4.500 11 131   0.570  8  40  -5.060 77 273   4.780 232 35  -76  34 56 -100
MLI  1976/09/30 23:34:14.4 -30.24 -177.88  32.0 5.7 6.5 KERMADEC ISLANDS        
C093076A         B: 11   31  45 S:  0    0   0 M: 15   32 135 CMT: 1 BOXHD:  4.9
CENTROID:      6.2 0.2 -30.41 0.02 -177.32 0.01  15.0  0.0 FIX  O-00000000000000
25  4.910 0.050 -0.430 0.040 -4.490 0.040  2.630 0.210  8.290 0.240 -2.070 0.040
V10   9.900 60 284   0.410  3  19 -10.300 30 110  10.100 208 15  100  18 75   87
MLI  1976/10/05 18:02:15.4  -6.43  153.00  22.0 6.3 6.0 NEW BRITAIN REGION      
C100576A         B: 11   29  45 S:  0    0   0 M: 17   41 135 CMT: 1 BOXHD:  3.6
CENTROID:      5.1 0.1  -6.57 0.01  153.10 0.01  15.0  0.0 FIX  O-00000000000000
25 -3.810 0.030  3.340 0.030  0.470 0.030 -1.030 0.180 -1.700 0.160 -0.360 0.030
V10   3.490  7 183   1.070 19  90  -4.560 69 293   4.020 293 41  -60  76 55 -114
MLI  1976/10/12 00:40:52.9 -10.45  161.29 106.0 6.0 0.0 SOLOMON ISLANDS         
C101276A         B: 11   30  45 S:  0    0   0 M: 14   23 135 CMT: 1 BOXHD:  2.4
CENTROID:      3.0 0.2 -10.65 0.02  161.42 0.02  99.0  1.6 FREE O-00000000000000
24 -1.490 0.190  0.230 0.260  1.260 0.250  3.370 0.150 -9.910 0.140  0.270 0.220
V10  10.310 42  74   0.500  3 342 -10.810 48 249  10.560 202  4  -50 342 87  -93
MLI  1976/10/29 02:51:07.6  -4.52  139.92  33.0 6.1 7.1 WEST IRIAN              
C102976A         B: 10   23  45 S:  0    0   0 M: 18   41 135 CMT: 1 BOXHD:  6.3
CENTROID:      4.7 0.1  -4.55 0.01  139.93 0.01  15.0  0.0 FIX  O-00000000000000
26 -0.780 0.020  0.530 0.020  0.250 0.020  0.490 0.120  0.410 0.110  2.040 0.010
V10   2.560 11 317  -0.900 79 123  -1.660  3 227   2.110   1 80  174  92 84   10
MLI  1976/11/02 07:13:15.7 -29.35   77.66  33.0 5.8 6.5 MID-INDIAN RISE         
C110276A         B: 11   28  45 S:  0    0   0 M: 17   36 135 CMT: 1 BOXHD:  4.7
CENTROID:      7.5 0.1 -28.75 0.01   77.84 0.01  15.0  0.0 FIX  O-00000000000000
25 -7.490 0.060  3.680 0.060  3.800 0.060 -3.590 0.270 -3.230 0.280  3.620 0.050
V10   8.800 16 135   0.120  2 226  -8.920 73 321   8.860 223 29  -93  46 62  -88
MLI  1976/11/06 18:04:08.9  27.60  101.05  33.0 5.8 6.5 SICHUAN PROVINCE, CHINA 
C110676A         B: 12   31  45 S:  0    0   0 M: 14   29 135 CMT: 1 BOXHD:  3.5
CENTROID:      7.1 0.2  27.50 0.02  101.40 0.02  22.7  1.5 FREE O-00000000000000
25 -1.130 0.050 -1.500 0.050  2.630 0.050 -1.100 0.140  0.760 0.130 -2.680 0.050
V10   4.210 12 243  -1.150 66 123  -3.070 21 337   3.640  19 66   -6 111 84 -156
MLI  1976/11/07 04:00:51.6  33.80   59.15  13.0 5.6 6.2 IRAN                    
C110776A         B: 11   21  45 S:  0    0   0 M: 15   25 135 CMT: 1 BOXHD:  2.3
CENTROID:      4.4 0.3  34.07 0.03   59.15 0.03  15.0  0.0 FIX  O-00000000000000
24 -1.080 0.230 -3.170 0.240  4.250 0.220 -1.120 1.070 -2.650 0.990  9.930 0.190
V10  11.760 12 124  -1.660 77 323 -10.100  4 215  10.930 260 78    6 169 84  168
MLI  1976/11/07 17:09:06.1   8.48  126.38  60.0 6.0 6.8 MINDANAO, PHILIPPINE ISL
C110776B         B: 10   28  45 S:  0    0   0 M: 16   37 135 CMT: 1 BOXHD:  6.2
CENTROID:      7.6 0.1   8.35 0.02  126.86 0.01  42.1  0.7 FREE O-00000000000000
26  1.540 0.020  0.230 0.020 -1.770 0.020  0.990 0.040  0.610 0.040 -0.170 0.010
V10   2.120 62 345  -0.180 24 196  -1.940 13 100   2.030 162 39   49  30 62  118
MLI  1976/11/08 08:19:27.1  38.09  142.24  38.0 5.9 6.0 NEAR EAST COAST OF HONSH
C110876A         B: 10   27  45 S:  0    0   0 M: 10   22 135 CMT: 1 BOXHD:  3.2
CENTROID:      4.8 0.2  38.03 0.02  142.23 0.02  32.4  1.2 FREE O-00000000000000
25  1.560 0.030 -0.040 0.030 -1.510 0.030  1.170 0.080  1.880 0.100 -0.620 0.030
V10   2.700 62 311   0.130  7 208  -2.820 27 114   2.760 188 19   70  30 72   97
MLI  1976/11/15 13:53:00.6  39.44  117.69  15.0 6.0 6.3 NORTHEASTERN CHINA      
C111576A         B: 12   35  45 S:  0    0   0 M: 15   37 135 CMT: 1 BOXHD:  3.6
CENTROID:      6.6 0.1  39.45 0.01  117.71 0.02  15.0  0.0 FIX  O-00000000000000
25 -0.740 0.040  3.880 0.030 -3.140 0.040 -1.720 0.160 -1.610 0.160 -0.630 0.030
V10   4.450 18 181  -0.270 55  63  -4.180 29 281   4.320 318 56   -9  53 83 -145
MLI  1976/11/16 18:20:50.2 -41.64   80.21  33.0 5.3 6.2 MID-INDIAN RISE         
C111676A         B: 14   31  45 S:  0    0   0 M: 16   34 135 CMT: 1 BOXHD:  3.0
CENTROID:      3.1 0.2 -41.32 0.02   79.88 0.02  15.4  1.8 FREE O-00000000000000
25 -0.050 0.030  2.230 0.030 -2.180 0.030 -0.300 0.110  0.020 0.100 -0.610 0.030
V10   2.350  7 188  -0.090 83  13  -2.270  1 278   2.310 323 84    5 232 85  174
MLI  1976/11/18 03:24:00.2  -8.82  156.94  33.0 6.1 6.5 SOLOMON ISLANDS         
C111876A         B: 10   28  45 S:  0    0   0 M: 14   30 135 CMT: 1 BOXHD:  3.9
CENTROID:      4.0 0.2  -8.75 0.02  157.07 0.01  15.0  0.0 FIX  O-00000000000000
25  0.460 0.060 -2.860 0.070  2.410 0.060  0.760 0.260 -1.040 0.260  4.360 0.050
V10   4.930  7 119   0.620 77 357  -5.550 11 210   5.240 254 77   -3 345 87 -167
MLI  1976/11/18 05:43:41.3  -4.17  135.14  33.0 5.8 6.3 WEST IRIAN REGION       
C111876B         B: 12   32  45 S:  0    0   0 M: 15   29 135 CMT: 1 BOXHD:  4.2
CENTROID:      4.4 0.2  -4.17 0.02  134.93 0.02  15.0  0.0 FIX  O-00000000000000
25  0.790 0.040 -1.480 0.040  0.690 0.040  2.240 0.170 -5.630 0.160  1.870 0.040
V10   6.380 46  87   0.170 19 336  -6.550 38 231   6.470 259 19   12 158 86  109
MLI  1976/11/22 04:22:25.3   7.03  123.58  60.0 6.0 0.0 MINDANAO, PHILIPPINE ISL
B112276A         B:  6    7  45 S:  0    0   0 M:  0    0   0 CMT: 1 BOXHD:  3.0
CENTROID:     -4.6 1.7   7.03 0.00  123.58 0.00  60.0  0.0 FIX  O-00000000000000
23  2.030 0.650  4.260 1.000 -6.290 1.270  1.780 0.890  2.020 1.030  0.220 0.900
V10   5.380 31 353   1.380 56 200  -6.760 13  91   6.070 136 59   14  38 78  148
MLI  1976/11/22 04:46:26.0 -38.52   78.57  33.0 5.5 6.0 MID-INDIAN RISE         
C112276B         B: 13   32  45 S:  0    0   0 M: 13   24 135 CMT: 1 BOXHD:  2.0
CENTROID:      0.7 0.3 -38.40 0.04   78.12 0.03  15.0  0.0 FIX  O-00000000000000
24 -2.230 0.170 -5.000 0.190  7.240 0.130  0.000 0.000  0.000 0.000 -1.330 0.170
V10   7.380  0 264  -2.240 90 180  -5.150  0 174   6.260 309 90 -180  39 90    0
MLI  1976/11/24 12:22:18.8  39.12   44.03  36.0 6.1 7.3 N.W. IRAN-USSR BORDER RE
C112476A         B: 10   21  45 S:  0    0   0 M: 14   36 135 CMT: 1 BOXHD:  8.0
CENTROID:      6.5 0.2  38.88 0.02   43.96 0.02  15.0  0.0 FIX  O-00000000000000
26  0.250 0.040 -2.850 0.040  2.610 0.030  0.600 0.210 -0.930 0.200 -2.930 0.030
V10   4.180 15  66  -0.050 74 255  -4.140  2 157   4.160 203 77    9 110 81  167
MLI  1976/11/25 14:06:35.4 -19.50 -177.71 442.0 6.0 0.0 FIJI ISLANDS REGION     
C112576A         B: 12   33  45 S:  0    0   0 M: 16   35 135 CMT: 1 BOXHD:  4.2
CENTROID:      6.8 0.1 -19.46 0.02 -177.61 0.01 452.8  1.0 FREE O-00000000000000
25 -4.430 0.060 -0.990 0.080  5.430 0.070 -3.340 0.070 -2.250 0.060 -1.650 0.080
V10   6.050  9  81   1.030 32 177  -7.090 56 337   6.570 139 46 -138  17 62  -53
MLI  1976/11/26 11:19:25.2  41.29 -125.71  15.0 6.0 6.8 OFF COAST OF NORTHERN CA
C112676A         B: 11   31  45 S:  0    0   0 M: 15   41 135 CMT: 1 BOXHD:  5.4
CENTROID:      6.6 0.1  41.46 0.01 -126.22 0.01  15.0  0.0 FIX  O-00000000000000
26  0.060 0.010 -1.310 0.010  1.250 0.010  0.020 0.050  0.160 0.050  0.420 0.010
V10   1.340  7 279   0.040 83 100  -1.380  0   9   1.360  54 85    5 324 85  175
MLI  1976/11/27 21:42:12.2  36.51   71.04 190.0 6.1 0.0 AFGHANISTAN-USSR BORDER 
C112776A         B: 12   29  45 S:  0    0   0 M: 13   24 135 CMT: 1 BOXHD:  2.2
CENTROID:      2.4 0.3  36.33 0.03   70.64 0.03 196.2  1.3 FREE O-00000000000000
24  5.570 0.160 -7.640 0.190  2.080 0.180  2.710 0.140  4.370 0.130 -0.690 0.230
V10   8.750 57 282  -0.320 30  73  -8.430 14 170   8.590 294 41  139  57 65   57
MLI  1976/11/30 00:40:57.8 -20.52  -68.92  82.0 6.5 0.0 CHILE-BOLIVIA BORDER REG
M113076A         B:  0    0   0 S:  0    0   0 M: 12   23 135 CMT: 1 BOXHD: 15.1
CENTROID:     15.5 0.4 -20.54 0.03  -68.51 0.04 133.7  3.0 FREE O-00000000000000
27 -1.790 0.060 -0.350 0.050  2.140 0.050  0.550 0.030 -1.420 0.050 -0.440 0.040
V10   2.720 18  78  -0.390  8 346  -2.330 70 234   2.530 181 27  -73 342 64  -99
MLI  1976/12/14 16:06:44.4  28.29  130.70  41.0 6.3 6.2 RYUKYU ISLANDS          
C121476A         B: 11   30  45 S:  0    0   0 M: 16   38 135 CMT: 1 BOXHD:  3.8
CENTROID:      4.8 0.1  28.12 0.01  130.64 0.02  15.0  0.0 FIX  O-00000000000000
25 -4.160 0.040  2.940 0.040  1.230 0.040 -2.490 0.210  0.330 0.190  1.350 0.030
V10   4.200 15 157   0.830 13 251  -5.030 70  20   4.620 230 33 -114  78 61  -75
MLI  1976/12/20 20:33:07.8  48.80 -129.29  10.0 5.9 6.7 VANCOUVER ISLAND REGION 
C122076A         B:  9   22  45 S:  0    0   0 M: 15   35 135 CMT: 1 BOXHD:  5.2
CENTROID:      9.5 0.2  48.93 0.01 -129.77 0.02  15.0  0.0 FIX  O-00000000000000
26 -0.060 0.010 -1.120 0.010  1.180 0.010 -0.020 0.050  0.000 0.060 -0.350 0.010
V10   1.230  0 262  -0.060 89 158  -1.170  1 352   1.200  37 89   -1 127 89 -179
